#sid; oid; dist; closing; contact; relPosX; relPosY; relPosZ; relVlX; relVlY; relVlZ; closingDivDist; closing1; closing2; closing1DivDist; closing2DivDist; ActionID; linVelX; linVelY; linVelZ; angVel
8.0000;15.0000;0.4200;0.0000;0.0000;0.2500;0.5000;0.0200;0.0000;0.0000;0.0000;0.0000;0.0000;0.0000;0.0000;0.0000;0; 0.0000;0.5000;0.0000;0.0000
8.0000;15.0000;0.3800;-0.5000;0.0000;0.2500;0.4500;0.0200;0.0000;-0.5000;0.0000;-1.3158;0.0000;-0.5000;0.0000;-1.3158;0; 0.0000;0.5000;0.0000;0.0000
8.0000;15.0000;0.3200;-0.5000;0.0000;0.2500;0.4000;0.0200;0.0000;-0.5000;0.0000;-1.5625;0.0000;-0.5000;0.0000;-1.5625;0; 0.0000;0.5000;0.0000;0.0000
8.0000;15.0000;0.2800;-0.5000;0.0000;0.2500;0.3500;0.0200;0.0000;-0.5000;0.0000;-1.7857;0.0000;-0.5000;0.0000;-1.7857;0; 0.0000;0.5000;0.0000;0.0000
8.0000;15.0000;0.2200;-0.5000;0.0000;0.2500;0.3000;0.0200;0.0000;-0.5000;0.0000;-2.2727;0.0000;-0.5000;0.0000;-2.2727;0; 0.0000;0.5000;0.0000;0.0000
8.0000;15.0000;0.1800;-0.5000;0.0000;0.2500;0.2500;0.0200;0.0000;-0.5000;0.0000;-2.7778;0.0000;-0.5000;0.0000;-2.7778;0; 0.0000;0.5000;0.0000;0.0000
8.0000;15.0000;0.1300;-0.5100;0.0000;0.2500;0.2000;0.0200;0.0000;-0.5100;0.0000;-3.9231;0.0000;-0.5100;0.0000;-3.9231;0; 0.0000;0.5000;0.0000;0.0000
8.0000;15.0000;0.0800;-0.5000;0.0000;0.2500;0.1500;0.0200;0.0000;-0.5000;0.0000;-6.2500;0.0000;-0.5000;0.0000;-6.2500;0; 0.0000;0.5000;0.0000;0.0000
8.0000;15.0000;0.0200;-0.5000;0.0000;0.2500;0.1000;0.0200;0.0000;-0.5000;0.0000;-25.0000;0.0000;-0.5000;0.0000;-25.0000;0; 0.0000;0.5000;0.0000;0.0000
15.0000;8.0000;0.0200;-0.5000;0.0000;-0.2500;-0.1000;-0.0200;0.0000;0.5000;0.0000;-25.0000;0.0000;-0.5000;0.0000;-25.0000;0; 0.0200;0.2400;0.0000;-0.9700
15.0000;8.0000;-0.0100;-0.2500;1.0000;-0.2400;-0.0700;-0.0200;-0.0300;0.2500;0.0000;-250.0000;-0.2500;0.0300;-250.0000;30.0000;0; 0.0100;0.2400;0.0000;-0.9400
15.0000;8.0000;-0.0000;-0.2500;1.0000;-0.2400;-0.0700;-0.0200;-0.0700;0.2500;0.0000;-250.0000;-0.2500;0.0700;-250.0000;70.0000;0; 0.0300;0.2200;0.0000;-0.8800
15.0000;8.0000;0.0000;-0.2500;1.0000;-0.2400;-0.0800;-0.0200;-0.1200;0.2500;0.0000;-250.0000;-0.2500;0.1200;-250.0000;120.0000;0; 0.0500;0.2100;0.0000;-0.9100
8.0000;15.0000;0.0100;-0.2400;1.0000;0.2600;-0.0300;0.0200;0.0500;-0.2900;0.0000;-24.0000;-0.2400;0.1700;-24.0000;17.0000;0; 0.0000;0.5000;0.0000;0.0000
15.0000;8.0000;0.0100;-0.2400;1.0000;-0.2500;-0.0800;-0.0200;-0.1700;0.2400;0.0000;-24.0000;-0.2400;0.1700;-24.0000;17.0000;0; 0.0700;0.1100;0.0000;-0.4700
8.0000;15.0000;0.0100;0.2500;0.0000;0.2700;-0.1100;0.0200;0.0000;-0.5000;0.0000;25.0000;0.2500;-0.4300;25.0000;-43.0000;0; 0.0000;0.5000;0.0000;0.0000
8.0000;15.0000;0.0400;0.2500;0.0000;0.2700;-0.1600;0.0200;0.0000;-0.5000;0.0000;6.2500;0.2500;0.4300;6.2500;10.7500;0; 0.0000;0.5000;0.0000;0.0000
8.0000;15.0000;0.0600;0.2500;0.0000;0.2700;-0.2100;0.0200;0.0000;-0.5000;0.0000;4.1667;0.2500;0.4300;4.1667;7.1667;0; 0.0000;0.5000;0.0000;0.0000
8.0000;15.0000;0.1000;0.3800;0.0000;0.2700;-0.2600;0.0200;0.0000;-0.5000;0.0000;3.8000;0.4300;0.2500;4.3000;2.5000;0; 0.0000;0.5000;0.0000;0.0000
8.0000;15.0000;0.4200;0.0000;0.0000;-0.2500;0.5000;0.0200;0.0000;0.0000;0.0000;0.0000;0.0000;0.0000;0.0000;0.0000;0; 0.0000;0.5000;0.0000;0.0000
8.0000;15.0000;0.3800;-0.5000;0.0000;-0.2500;0.4600;0.0200;0.0000;-0.5000;0.0000;-1.3158;0.0000;-0.5000;0.0000;-1.3158;0; 0.0000;0.5000;0.0000;0.0000
8.0000;15.0000;0.3400;-0.5000;0.0000;-0.2500;0.4100;0.0200;0.0000;-0.5000;0.0000;-1.4706;0.0000;-0.5000;0.0000;-1.4706;0; 0.0000;0.5000;0.0000;0.0000
8.0000;15.0000;0.2800;-0.5000;0.0000;-0.2500;0.3600;0.0200;0.0000;-0.5000;0.0000;-1.7857;0.0000;-0.5000;0.0000;-1.7857;0; 0.0000;0.5000;0.0000;0.0000
8.0000;15.0000;0.2400;-0.5000;0.0000;-0.2500;0.3100;0.0200;0.0000;-0.5000;0.0000;-2.0833;0.0000;-0.5000;0.0000;-2.0833;0; 0.0000;0.5000;0.0000;0.0000
8.0000;15.0000;0.1900;-0.5000;0.0000;-0.2500;0.2600;0.0200;0.0000;-0.5000;0.0000;-2.6316;0.0000;-0.5000;0.0000;-2.6316;0; 0.0000;0.5000;0.0000;0.0000
8.0000;15.0000;0.1400;-0.5100;0.0000;-0.2500;0.2100;0.0200;0.0000;-0.5100;0.0000;-3.6429;0.0000;-0.5100;0.0000;-3.6429;0; 0.0000;0.5000;0.0000;0.0000
8.0000;15.0000;0.0800;-0.5000;0.0000;-0.2500;0.1600;0.0200;0.0000;-0.5000;0.0000;-6.2500;0.0000;-0.5000;0.0000;-6.2500;0; 0.0000;0.5000;0.0000;0.0000
8.0000;15.0000;-0.0000;-0.1200;1.0000;-0.2600;-0.0700;0.0200;-0.0800;-0.3700;0.0000;-120.0000;0.2500;-0.2800;250.0000;-280.0000;0; 0.0000;0.5000;0.0000;0.0000
8.0000;15.0000;0.0100;0.2500;0.0000;-0.2700;-0.1100;0.0200;0.0000;-0.5000;0.0000;25.0000;0.2500;-0.4300;25.0000;-43.0000;0; 0.0000;0.5000;0.0000;0.0000
8.0000;15.0000;0.0400;0.2500;0.0000;-0.2700;-0.1600;0.0200;0.0000;-0.5000;0.0000;6.2500;0.2500;0.4300;6.2500;10.7500;0; 0.0000;0.5000;0.0000;0.0000
8.0000;15.0000;0.0600;0.2500;0.0000;-0.2700;-0.2100;0.0200;0.0000;-0.5000;0.0000;4.1667;0.2500;0.4300;4.1667;7.1667;0; 0.0000;0.5000;0.0000;0.0000
8.0000;15.0000;0.1000;0.3800;0.0000;-0.2700;-0.2600;0.0200;0.0000;-0.5000;0.0000;3.8000;0.2500;0.4300;2.5000;4.3000;0; 0.0000;0.5000;0.0000;0.0000
8.0000;15.0000;0.4200;0.0000;0.0000;0.0000;0.5000;0.0200;0.0000;0.0000;0.0000;0.0000;0.0000;0.0000;0.0000;0.0000;0; 0.0000;0.5000;0.0000;0.0000
8.0000;15.0000;0.3800;-0.5000;0.0000;0.0000;0.4600;0.0200;0.0000;-0.5000;0.0000;-1.3158;-0.5000;-0.0000;-1.3158;-0.0000;0; 0.0000;0.5000;0.0000;0.0000
8.0000;15.0000;0.3400;-0.5000;0.0000;0.0000;0.4100;0.0200;0.0000;-0.5000;0.0000;-1.4706;-0.5000;-0.0000;-1.4706;-0.0000;0; 0.0000;0.5000;0.0000;0.0000
8.0000;15.0000;0.2800;-0.5000;0.0000;0.0000;0.3600;0.0200;0.0000;-0.5000;0.0000;-1.7857;-0.5000;-0.0000;-1.7857;-0.0000;0; 0.0000;0.5000;0.0000;0.0000
8.0000;15.0000;0.2400;-0.5000;0.0000;0.0000;0.3100;0.0200;0.0000;-0.5000;0.0000;-2.0833;-0.5000;-0.0000;-2.0833;-0.0000;0; 0.0000;0.5000;0.0000;0.0000
8.0000;15.0000;0.1900;-0.5000;0.0000;0.0000;0.2600;0.0200;0.0000;-0.5000;0.0000;-2.6316;-0.5000;-0.0000;-2.6316;-0.0000;0; 0.0000;0.5000;0.0000;0.0000
8.0000;15.0000;0.1400;-0.5100;0.0000;0.0000;0.2100;0.0200;0.0000;-0.5100;0.0000;-3.6429;-0.5100;-0.0000;-3.6429;-0.0000;0; 0.0000;0.5000;0.0000;0.0000
8.0000;15.0000;0.0800;-0.5000;0.0000;0.0000;0.1600;0.0200;0.0000;-0.5000;0.0000;-6.2500;-0.5000;-0.0000;-6.2500;-0.0000;0; 0.0000;0.5000;0.0000;0.0000
8.0000;15.0000;0.0300;-0.5000;0.0000;0.0000;0.1100;0.0200;0.0000;-0.5000;0.0000;-16.6667;-0.5000;-0.0000;-16.6667;-0.0000;0; 0.0000;0.4900;0.0000;0.0000
15.0000;8.0000;0.0300;-0.5000;0.0000;0.0000;-0.1100;-0.0200;0.0000;0.5000;0.0000;-16.6667;-0.5000;-0.0000;-16.6667;-0.0000;0; 0.0000;0.4900;0.0000;0.0000
8.0000;15.0000;0.0100;0.0000;1.0000;0.0000;0.0800;0.0200;0.0000;0.0000;0.0000;0.0000;0.0000;0.0000;0.0000;0.0000;0; -0.0000;0.4900;0.0000;0.0000
15.0000;8.0000;0.0100;0.0000;1.0000;0.0000;-0.0800;-0.0200;0.0000;0.0000;0.0000;0.0000;0.0000;0.0000;0.0000;0.0000;0; -0.0000;0.4900;0.0000;-0.0300
15.0000;8.0000;0.0000;0.0000;1.0000;0.0000;-0.0800;-0.0200;0.0000;0.0000;0.0000;0.0000;0.0000;0.0000;0.0000;0.0000;0; -0.0000;0.4900;0.0000;-0.0300
15.0000;8.0000;0.0000;0.0000;1.0000;0.0000;-0.0800;-0.0200;0.0000;0.0000;0.0000;0.0000;0.0000;0.0000;0.0000;0.0000;0; -0.0000;0.4900;0.0000;-0.0300
15.0000;8.0000;0.0100;0.0000;1.0000;0.0000;-0.0800;-0.0200;0.0000;0.0000;0.0000;0.0000;0.0000;0.0000;0.0000;0.0000;0; -0.0000;0.4900;0.0000;-0.0300
15.0000;8.0000;-0.0100;0.0000;1.0000;0.0000;-0.0700;-0.0200;0.0000;0.0000;0.0000;0.0000;0.0000;0.0000;0.0000;0.0000;0; -0.0000;0.4900;0.0000;-0.0200
15.0000;8.0000;-0.0000;0.0000;1.0000;0.0000;-0.0700;-0.0200;0.0000;0.0000;0.0000;0.0000;0.0000;0.0000;0.0000;0.0000;0; -0.0000;0.4900;0.0000;-0.0200
15.0000;8.0000;-0.0000;0.0000;1.0000;0.0000;-0.0700;-0.0200;0.0000;0.0000;0.0000;0.0000;0.0000;0.0000;0.0000;0.0000;0; -0.0000;0.4900;0.0000;-0.0100
8.0000;15.0000;0.3800;-0.5000;0.0000;-0.0900;0.4600;0.0200;0.0000;-0.5000;0.0000;-1.3158;-0.5000;-0.0000;-1.3158;-0.0000;0; 0.0000;0.5000;0.0000;0.0000
8.0000;15.0000;0.3400;-0.5000;0.0000;-0.0900;0.4100;0.0200;0.0000;-0.5000;0.0000;-1.4706;-0.5000;-0.0000;-1.4706;-0.0000;0; 0.0000;0.5000;0.0000;0.0000
8.0000;15.0000;0.2800;-0.5000;0.0000;-0.0900;0.3600;0.0200;0.0000;-0.5000;0.0000;-1.7857;-0.5000;-0.0000;-1.7857;-0.0000;0; 0.0000;0.5000;0.0000;0.0000
8.0000;15.0000;0.2400;-0.5000;0.0000;-0.0900;0.3100;0.0200;0.0000;-0.5000;0.0000;-2.0833;-0.5000;-0.0000;-2.0833;-0.0000;0; 0.0000;0.5000;0.0000;0.0000
8.0000;15.0000;0.1900;-0.5000;0.0000;-0.0900;0.2600;0.0200;0.0000;-0.5000;0.0000;-2.6316;-0.5000;-0.0000;-2.6316;-0.0000;0; 0.0000;0.5000;0.0000;0.0000
8.0000;15.0000;0.1400;-0.5100;0.0000;-0.0900;0.2100;0.0200;0.0000;-0.5100;0.0000;-3.6429;-0.5100;-0.0000;-3.6429;-0.0000;0; 0.0000;0.5000;0.0000;0.0000
8.0000;15.0000;0.0800;-0.5000;0.0000;-0.0900;0.1600;0.0200;0.0000;-0.5000;0.0000;-6.2500;-0.5000;-0.0000;-6.2500;-0.0000;0; 0.0000;0.5000;0.0000;0.0000
8.0000;15.0000;0.0300;-0.5000;0.0000;-0.0900;0.1100;0.0200;0.0000;-0.5000;0.0000;-16.6667;-0.5000;-0.0000;-16.6667;-0.0000;0; 0.0000;0.5000;0.0000;0.0000
15.0000;8.0000;0.0300;-0.5000;0.0000;0.0900;-0.1100;-0.0200;0.0000;0.5000;0.0000;-16.6667;-0.5000;-0.0000;-16.6667;-0.0000;0; -0.0200;0.3700;0.0000;1.4600
8.0000;15.0000;0.0100;0.3300;0.0000;-0.2000;-0.2100;0.0200;0.0000;-0.5000;0.0000;33.0000;0.4300;-0.2600;43.0000;-26.0000;0; 0.0000;0.5000;0.0000;0.0000
8.0000;15.0000;0.3900;-0.5000;0.0000;-0.2900;0.4600;0.0200;0.0000;-0.5000;0.0000;-1.2821;0.0000;-0.5000;0.0000;-1.2821;0; 0.0000;0.5000;0.0000;0.0000
8.0000;15.0000;0.3400;-0.5000;0.0000;-0.2900;0.4100;0.0200;0.0000;-0.5000;0.0000;-1.4706;0.0000;-0.5000;0.0000;-1.4706;0; 0.0000;0.5000;0.0000;0.0000
8.0000;15.0000;0.2900;-0.5000;0.0000;-0.2900;0.3600;0.0200;0.0000;-0.5000;0.0000;-1.7241;0.0000;-0.5000;0.0000;-1.7241;0; 0.0000;0.5000;0.0000;0.0000
8.0000;15.0000;0.2400;-0.4900;0.0000;-0.2900;0.3100;0.0200;0.0000;-0.5000;0.0000;-2.0417;0.0000;-0.5000;0.0000;-2.0833;0; 0.0000;0.5000;0.0000;0.0000
8.0000;15.0000;0.1900;-0.4900;0.0000;-0.2900;0.2600;0.0200;0.0000;-0.5000;0.0000;-2.5789;0.0000;-0.5000;0.0000;-2.6316;0; 0.0000;0.5000;0.0000;0.0000
8.0000;15.0000;0.1400;-0.4900;0.0000;-0.2900;0.2100;0.0200;0.0000;-0.5100;0.0000;-3.5000;0.0000;-0.5100;0.0000;-3.6429;0; 0.0000;0.5000;0.0000;0.0000
8.0000;15.0000;0.0900;-0.4700;0.0000;-0.2900;0.1600;0.0200;0.0000;-0.5000;0.0000;-5.2222;0.0000;-0.5000;0.0000;-5.5556;0; 0.0000;0.5000;0.0000;0.0000
8.0000;15.0000;0.0500;-0.4200;0.0000;-0.2900;0.1100;0.0200;0.0000;-0.5000;0.0000;-8.4000;0.0000;-0.5000;0.0000;-10.0000;0; 0.0000;0.5000;0.0000;0.0000
8.0000;15.0000;0.0200;-0.1200;0.0000;-0.2900;0.0600;0.0200;0.0000;-0.5000;0.0000;-6.0000;0.0000;-0.5000;0.0000;-25.0000;0; 0.0000;0.5000;0.0000;0.0000
8.0000;15.0000;0.0100;0.0000;0.0000;-0.2900;0.0100;0.0200;0.0000;-0.5000;0.0000;0.0000;0.0000;-0.5000;0.0000;-50.0000;0; 0.0000;0.5000;0.0000;0.0000
8.0000;15.0000;0.0100;0.0000;0.0000;-0.2900;-0.0400;0.0200;0.0000;-0.5000;0.0000;0.0000;0.0000;0.5000;0.0000;50.0000;0; 0.0000;0.5000;0.0000;0.0000
8.0000;15.0000;0.0300;0.3500;0.0000;-0.2900;-0.0900;0.0200;0.0000;-0.5000;0.0000;11.6667;0.0000;0.5000;0.0000;16.6667;0; 0.0000;0.5000;0.0000;0.0000
8.0000;15.0000;0.0700;0.4700;0.0000;-0.2900;-0.1400;0.0200;0.0000;-0.5100;0.0000;6.7143;0.0000;0.5100;0.0000;7.2857;0; 0.0000;0.5000;0.0000;0.0000
8.0000;15.0000;0.1200;0.4800;0.0000;-0.2900;-0.1900;0.0200;0.0000;-0.5000;0.0000;4.0000;0.0000;0.5000;0.0000;4.1667;0; 0.0000;0.5000;0.0000;0.0000
8.0000;15.0000;0.3800;-0.5000;0.0000;-0.2100;0.4600;0.0200;0.0000;-0.5000;0.0000;-1.3158;-0.5000;-0.0000;-1.3158;-0.0000;0; 0.0000;0.5000;0.0000;0.0000
8.0000;15.0000;0.3400;-0.5000;0.0000;-0.2100;0.4100;0.0200;0.0000;-0.5000;0.0000;-1.4706;-0.5000;-0.0000;-1.4706;-0.0000;0; 0.0000;0.5000;0.0000;0.0000
8.0000;15.0000;0.2800;-0.5000;0.0000;-0.2100;0.3600;0.0200;0.0000;-0.5000;0.0000;-1.7857;-0.5000;-0.0000;-1.7857;-0.0000;0; 0.0000;0.5000;0.0000;0.0000
8.0000;15.0000;0.2400;-0.5000;0.0000;-0.2100;0.3100;0.0200;0.0000;-0.5000;0.0000;-2.0833;-0.5000;-0.0000;-2.0833;-0.0000;0; 0.0000;0.5000;0.0000;0.0000
8.0000;15.0000;0.1900;-0.5000;0.0000;-0.2100;0.2600;0.0200;0.0000;-0.5000;0.0000;-2.6316;-0.5000;-0.0000;-2.6316;-0.0000;0; 0.0000;0.5000;0.0000;0.0000
8.0000;15.0000;0.1400;-0.5100;0.0000;-0.2100;0.2100;0.0200;0.0000;-0.5100;0.0000;-3.6429;-0.5100;-0.0000;-3.6429;-0.0000;0; 0.0000;0.5000;0.0000;0.0000
8.0000;15.0000;0.0800;-0.5000;0.0000;-0.2100;0.1600;0.0200;0.0000;-0.5000;0.0000;-6.2500;-0.5000;-0.0000;-6.2500;-0.0000;0; 0.0000;0.5000;0.0000;0.0000
8.0000;15.0000;0.0300;-0.5000;0.0000;-0.2100;0.1100;0.0200;0.0000;-0.5000;0.0000;-16.6667;-0.5000;-0.0000;-16.6667;-0.0000;0; 0.0000;0.5000;0.0000;0.0000
15.0000;8.0000;0.0300;-0.5000;0.0000;0.2100;-0.1100;-0.0200;0.0000;0.5000;0.0000;-16.6667;-0.5000;-0.0000;-16.6667;-0.0000;0; -0.0400;0.2700;0.0000;1.0900
8.0000;15.0000;0.0000;0.0000;1.0000;-0.2500;-0.1200;0.0200;-0.0500;-0.4500;0.0000;0.0000;0.3300;-0.3100;330.0000;-310.0000;0; 0.0000;0.5000;0.0000;0.0000
8.0000;15.0000;0.0300;0.3300;0.0000;-0.2500;-0.1700;0.0200;0.0000;-0.5000;0.0000;11.0000;0.3300;-0.3800;11.0000;-12.6667;0; 0.0000;0.5000;0.0000;0.0000
8.0000;15.0000;0.0600;0.3300;0.0000;-0.2500;-0.2200;0.0200;0.0000;-0.5000;0.0000;5.5000;0.3300;0.3800;5.5000;6.3333;0; 0.0000;0.5000;0.0000;0.0000
8.0000;15.0000;0.3800;-0.5000;0.0000;-0.2000;0.4600;0.0200;0.0000;-0.5000;0.0000;-1.3158;-0.5000;-0.0000;-1.3158;-0.0000;0; 0.0000;0.5000;0.0000;0.0000
8.0000;15.0000;0.3400;-0.5000;0.0000;-0.2000;0.4100;0.0200;0.0000;-0.5000;0.0000;-1.4706;-0.5000;-0.0000;-1.4706;-0.0000;0; 0.0000;0.5000;0.0000;0.0000
8.0000;15.0000;0.2800;-0.5000;0.0000;-0.2000;0.3600;0.0200;0.0000;-0.5000;0.0000;-1.7857;-0.5000;-0.0000;-1.7857;-0.0000;0; 0.0000;0.5000;0.0000;0.0000
8.0000;15.0000;0.2400;-0.5000;0.0000;-0.2000;0.3100;0.0200;0.0000;-0.5000;0.0000;-2.0833;-0.5000;-0.0000;-2.0833;-0.0000;0; 0.0000;0.5000;0.0000;0.0000
8.0000;15.0000;0.1900;-0.5000;0.0000;-0.2000;0.2600;0.0200;0.0000;-0.5000;0.0000;-2.6316;-0.5000;-0.0000;-2.6316;-0.0000;0; 0.0000;0.5000;0.0000;0.0000
8.0000;15.0000;0.1400;-0.5100;0.0000;-0.2000;0.2100;0.0200;0.0000;-0.5100;0.0000;-3.6429;-0.5100;-0.0000;-3.6429;-0.0000;0; 0.0000;0.5000;0.0000;0.0000
8.0000;15.0000;0.0800;-0.5000;0.0000;-0.2000;0.1600;0.0200;0.0000;-0.5000;0.0000;-6.2500;-0.5000;-0.0000;-6.2500;-0.0000;0; 0.0000;0.5000;0.0000;0.0000
8.0000;15.0000;0.0300;-0.5000;0.0000;-0.2000;0.1100;0.0200;0.0000;-0.5000;0.0000;-16.6667;-0.5000;-0.0000;-16.6667;-0.0000;0; 0.0000;0.4900;0.0000;0.0000
15.0000;8.0000;0.0300;-0.5000;0.0000;0.2000;-0.1100;-0.0200;0.0000;0.5000;0.0000;-16.6667;-0.5000;-0.0000;-16.6667;-0.0000;0; -0.0400;0.2800;0.0000;1.1100
8.0000;15.0000;0.0000;-0.1600;1.0000;-0.2400;-0.1100;0.0200;-0.1300;-0.3700;0.0000;-160.0000;0.3400;-0.1900;340.0000;-190.0000;0; 0.0000;0.5000;0.0000;0.0000
8.0000;15.0000;0.0100;0.2200;0.0000;-0.2500;-0.1500;0.0200;0.0000;-0.5000;0.0000;22.0000;0.3400;-0.3700;34.0000;-37.0000;0; 0.0000;0.5000;0.0000;0.0000
8.0000;15.0000;0.0400;0.3400;0.0000;-0.2500;-0.2000;0.0200;0.0000;-0.5000;0.0000;8.5000;0.3400;-0.3700;8.5000;-9.2500;0; 0.0000;0.5000;0.0000;0.0000
8.0000;15.0000;0.3900;-0.4900;0.0000;-0.3300;0.4600;0.0200;0.0000;-0.5000;0.0000;-1.2564;0.0000;-0.5000;0.0000;-1.2821;0; 0.0000;0.5000;0.0000;0.0000
8.0000;15.0000;0.3400;-0.4900;0.0000;-0.3300;0.4100;0.0200;0.0000;-0.5000;0.0000;-1.4412;0.0000;-0.5000;0.0000;-1.4706;0; 0.0000;0.5000;0.0000;0.0000
8.0000;15.0000;0.3000;-0.4800;0.0000;-0.3300;0.3600;0.0200;0.0000;-0.5000;0.0000;-1.6000;0.0000;-0.5000;0.0000;-1.6667;0; 0.0000;0.5000;0.0000;0.0000
8.0000;15.0000;0.2500;-0.4800;0.0000;-0.3300;0.3100;0.0200;0.0000;-0.5000;0.0000;-1.9200;0.0000;-0.5000;0.0000;-2.0000;0; 0.0000;0.5000;0.0000;0.0000
8.0000;15.0000;0.2000;-0.4700;0.0000;-0.3300;0.2600;0.0200;0.0000;-0.5000;0.0000;-2.3500;0.0000;-0.5000;0.0000;-2.5000;0; 0.0000;0.5000;0.0000;0.0000
8.0000;15.0000;0.1500;-0.4600;0.0000;-0.3300;0.2100;0.0200;0.0000;-0.5100;0.0000;-3.0667;0.0000;-0.5100;0.0000;-3.4000;0; 0.0000;0.5000;0.0000;0.0000
8.0000;15.0000;0.1100;-0.4000;0.0000;-0.3300;0.1600;0.0200;0.0000;-0.5000;0.0000;-3.6364;0.0000;-0.5000;0.0000;-4.5455;0; 0.0000;0.5000;0.0000;0.0000
8.0000;15.0000;0.0800;-0.3000;0.0000;-0.3300;0.1100;0.0200;0.0000;-0.5000;0.0000;-3.7500;0.0000;-0.5000;0.0000;-6.2500;0; 0.0000;0.5000;0.0000;0.0000
8.0000;15.0000;0.0600;-0.0600;0.0000;-0.3300;0.0600;0.0200;0.0000;-0.5000;0.0000;-1.0000;0.0000;-0.5000;0.0000;-8.3333;0; 0.0000;0.5000;0.0000;0.0000
8.0000;15.0000;0.0600;0.0000;0.0000;-0.3300;0.0100;0.0200;0.0000;-0.5000;0.0000;0.0000;0.0000;-0.5000;0.0000;-8.3333;0; 0.0000;0.5000;0.0000;0.0000
8.0000;15.0000;0.0600;0.0000;0.0000;-0.3300;-0.0400;0.0200;0.0000;-0.5000;0.0000;0.0000;0.0000;0.5000;0.0000;8.3333;0; 0.0000;0.5000;0.0000;0.0000
8.0000;15.0000;0.0600;0.2200;0.0000;-0.3300;-0.0900;0.0200;0.0000;-0.5000;0.0000;3.6667;0.0000;0.5000;0.0000;8.3333;0; 0.0000;0.5000;0.0000;0.0000
8.0000;15.0000;0.1000;0.3800;0.0000;-0.3300;-0.1400;0.0200;0.0000;-0.5100;0.0000;3.8000;0.0000;0.5100;0.0000;5.1000;0; 0.0000;0.5000;0.0000;0.0000
8.0000;15.0000;0.1400;0.4300;0.0000;-0.3300;-0.1900;0.0200;0.0000;-0.5000;0.0000;3.0714;0.0000;0.5000;0.0000;3.5714;0; 0.0000;0.5000;0.0000;0.0000
8.0000;15.0000;0.1800;0.4600;0.0000;-0.3300;-0.2400;0.0200;0.0000;-0.5000;0.0000;2.5556;0.0000;0.5000;0.0000;2.7778;0; 0.0000;0.5000;0.0000;0.0000
8.0000;15.0000;0.3900;-0.4900;0.0000;-0.3200;0.4600;0.0200;0.0000;-0.5000;0.0000;-1.2564;0.0000;-0.5000;0.0000;-1.2821;0; 0.0000;0.5000;0.0000;0.0000
8.0000;15.0000;0.3400;-0.4900;0.0000;-0.3200;0.4100;0.0200;0.0000;-0.5000;0.0000;-1.4412;0.0000;-0.5000;0.0000;-1.4706;0; 0.0000;0.5000;0.0000;0.0000
8.0000;15.0000;0.2900;-0.4900;0.0000;-0.3200;0.3600;0.0200;0.0000;-0.5000;0.0000;-1.6897;0.0000;-0.5000;0.0000;-1.7241;0; 0.0000;0.5000;0.0000;0.0000
8.0000;15.0000;0.2400;-0.4800;0.0000;-0.3200;0.3100;0.0200;0.0000;-0.5000;0.0000;-2.0000;0.0000;-0.5000;0.0000;-2.0833;0; 0.0000;0.5000;0.0000;0.0000
8.0000;15.0000;0.2000;-0.4700;0.0000;-0.3200;0.2600;0.0200;0.0000;-0.5000;0.0000;-2.3500;0.0000;-0.5000;0.0000;-2.5000;0; 0.0000;0.5000;0.0000;0.0000
8.0000;15.0000;0.1500;-0.4700;0.0000;-0.3200;0.2100;0.0200;0.0000;-0.5100;0.0000;-3.1333;0.0000;-0.5100;0.0000;-3.4000;0; 0.0000;0.5000;0.0000;0.0000
8.0000;15.0000;0.1100;-0.4200;0.0000;-0.3200;0.1600;0.0200;0.0000;-0.5000;0.0000;-3.8182;0.0000;-0.5000;0.0000;-4.5455;0; 0.0000;0.5000;0.0000;0.0000
8.0000;15.0000;0.0700;-0.3300;0.0000;-0.3200;0.1100;0.0200;0.0000;-0.5000;0.0000;-4.7143;0.0000;-0.5000;0.0000;-7.1429;0; 0.0000;0.5000;0.0000;0.0000
8.0000;15.0000;0.0500;-0.0700;0.0000;-0.3200;0.0600;0.0200;0.0000;-0.5000;0.0000;-1.4000;0.0000;-0.5000;0.0000;-10.0000;0; 0.0000;0.5000;0.0000;0.0000
8.0000;15.0000;0.0500;0.0000;0.0000;-0.3200;0.0100;0.0200;0.0000;-0.5000;0.0000;0.0000;0.0000;-0.5000;0.0000;-10.0000;0; 0.0000;0.5000;0.0000;0.0000
8.0000;15.0000;0.0500;0.0000;0.0000;-0.3200;-0.0400;0.0200;0.0000;-0.5000;0.0000;0.0000;0.0000;0.5000;0.0000;10.0000;0; 0.0000;0.5000;0.0000;0.0000
8.0000;15.0000;0.0600;0.2500;0.0000;-0.3200;-0.0900;0.0200;0.0000;-0.5000;0.0000;4.1667;0.0000;0.5000;0.0000;8.3333;0; 0.0000;0.5000;0.0000;0.0000
8.0000;15.0000;0.0900;0.4000;0.0000;-0.3200;-0.1400;0.0200;0.0000;-0.5100;0.0000;4.4444;0.0000;0.5100;0.0000;5.6667;0; 0.0000;0.5000;0.0000;0.0000
8.0000;15.0000;0.1300;0.4500;0.0000;-0.3200;-0.1900;0.0200;0.0000;-0.5000;0.0000;3.4615;0.0000;0.5000;0.0000;3.8462;0; 0.0000;0.5000;0.0000;0.0000
8.0000;15.0000;0.1800;0.4700;0.0000;-0.3200;-0.2400;0.0200;0.0000;-0.5000;0.0000;2.6111;0.0000;0.5000;0.0000;2.7778;0; 0.0000;0.5000;0.0000;0.0000
8.0000;15.0000;0.2200;0.4800;0.0000;-0.3200;-0.2900;0.0200;0.0000;-0.5000;0.0000;2.1818;0.0000;0.5000;0.0000;2.2727;0; 0.0000;0.5000;0.0000;0.0000
8.0000;15.0000;0.2700;0.4900;0.0000;-0.3200;-0.3400;0.0200;0.0000;-0.5000;0.0000;1.8148;0.0000;0.5000;0.0000;1.8519;0; 0.0000;0.5000;0.0000;0.0000
8.0000;15.0000;0.3200;0.4900;0.0000;-0.3200;-0.3900;0.0200;0.0000;-0.5000;0.0000;1.5312;0.0000;0.5000;0.0000;1.5625;0; 0.0000;0.5000;0.0000;0.0000
8.0000;15.0000;0.4000;-0.5000;0.0000;-0.2400;0.4700;0.0200;0.0000;-0.5000;0.0000;-1.2500;-0.5000;-0.0000;-1.2500;-0.0000;0; 0.0000;0.5000;0.0000;0.0000
8.0000;15.0000;0.3400;-0.5000;0.0000;-0.2400;0.4200;0.0200;0.0000;-0.5000;0.0000;-1.4706;-0.5000;-0.0000;-1.4706;-0.0000;0; 0.0000;0.5000;0.0000;0.0000
8.0000;15.0000;0.3000;-0.5000;0.0000;-0.2400;0.3700;0.0200;0.0000;-0.5000;0.0000;-1.6667;-0.5000;-0.0000;-1.6667;-0.0000;0; 0.0000;0.5000;0.0000;0.0000
8.0000;15.0000;0.2500;-0.5000;0.0000;-0.2400;0.3200;0.0200;0.0000;-0.5000;0.0000;-2.0000;-0.5000;-0.0000;-2.0000;-0.0000;0; 0.0000;0.5000;0.0000;0.0000
8.0000;15.0000;0.2000;-0.5000;0.0000;-0.2400;0.2700;0.0200;0.0000;-0.5000;0.0000;-2.5000;-0.5000;-0.0000;-2.5000;-0.0000;0; 0.0000;0.5000;0.0000;0.0000
8.0000;15.0000;0.1400;-0.5100;0.0000;-0.2400;0.2200;0.0200;0.0000;-0.5100;0.0000;-3.6429;-0.5100;-0.0000;-3.6429;-0.0000;0; 0.0000;0.5000;0.0000;0.0000
8.0000;15.0000;0.1000;-0.5000;0.0000;-0.2400;0.1700;0.0200;0.0000;-0.5000;0.0000;-5.0000;-0.5000;-0.0000;-5.0000;-0.0000;0; 0.0000;0.5000;0.0000;0.0000
8.0000;15.0000;0.0500;-0.5000;0.0000;-0.2400;0.1200;0.0200;0.0000;-0.5000;0.0000;-10.0000;-0.5000;-0.0000;-10.0000;-0.0000;0; 0.0000;0.5000;0.0000;0.0000
15.0000;8.0000;0.0500;-0.5000;0.0000;0.2400;-0.1200;-0.0200;0.0000;0.5000;0.0000;-10.0000;-0.5000;-0.0000;-10.0000;-0.0000;0; -0.0300;0.1600;0.0000;1.3900
8.0000;15.0000;-0.0000;0.0000;1.0000;-0.2600;-0.0900;0.0200;-0.0900;-0.4000;0.0000;0.0000;0.2900;-0.2900;290.0000;-290.0000;0; 0.0000;0.5000;0.0000;0.0000
8.0000;15.0000;0.0200;0.2800;0.0000;-0.2600;-0.1400;0.0200;0.0000;-0.5000;0.0000;14.0000;0.2800;-0.4200;14.0000;-21.0000;0; 0.0000;0.5000;0.0000;0.0000
8.0000;15.0000;0.0500;0.2800;0.0000;-0.2600;-0.1900;0.0200;0.0000;-0.5000;0.0000;5.6000;0.2800;0.4200;5.6000;8.4000;0; 0.0000;0.5000;0.0000;0.0000
8.0000;15.0000;0.0700;0.3000;0.0000;-0.2600;-0.2400;0.0200;0.0000;-0.5000;0.0000;4.2857;0.2800;0.4200;4.0000;6.0000;0; 0.0000;0.5000;0.0000;0.0000
15.0000;8.0000;0.4200;0.0000;0.0000;-0.2500;-0.5000;-0.0200;0.0000;0.0000;0.0000;0.0000;0.0000;0.0000;0.0000;0.0000;1; 0.0000;0.0000;0.0000;0.0000
15.0000;8.0000;0.3800;-0.5000;0.0000;-0.2500;-0.4500;-0.0200;0.0000;0.5000;0.0000;-1.3158;0.0000;-0.5000;0.0000;-1.3158;1; 0.0000;0.0000;0.0000;-0.0000
15.0000;8.0000;0.3200;-0.5000;0.0000;-0.2500;-0.4000;-0.0200;0.0000;0.5000;0.0000;-1.5625;0.0000;-0.5000;0.0000;-1.5625;1; 0.0000;0.0000;0.0000;0.0000
15.0000;8.0000;0.2800;-0.5000;0.0000;-0.2500;-0.3500;-0.0200;0.0000;0.5000;0.0000;-1.7857;0.0000;-0.5000;0.0000;-1.7857;1; 0.0000;0.0000;0.0000;-0.0000
15.0000;8.0000;0.2200;-0.5000;0.0000;-0.2500;-0.3000;-0.0200;0.0000;0.5000;0.0000;-2.2727;0.0000;-0.5000;0.0000;-2.2727;1; 0.0000;0.0000;0.0000;0.0000
15.0000;8.0000;0.1800;-0.5000;0.0000;-0.2500;-0.2500;-0.0200;0.0000;0.5000;0.0000;-2.7778;0.0000;-0.5000;0.0000;-2.7778;1; -0.0000;-0.0100;0.0000;-0.0000
15.0000;8.0000;0.0400;0.2500;0.0000;-0.3100;0.0000;-0.0200;-0.2500;0.4300;0.0000;6.2500;0.2500;0.4300;6.2500;10.7500;1; 0.0000;0.0000;0.0000;-0.0000
15.0000;8.0000;0.0600;0.2500;0.0000;-0.3400;0.0400;-0.0200;-0.2500;0.4300;0.0000;4.1667;0.2500;0.4300;4.1667;7.1667;1; 0.0000;0.0000;0.0000;-0.0000
15.0000;8.0000;0.1000;0.3800;0.0000;-0.3600;0.0900;-0.0200;-0.2500;0.4300;0.0000;3.8000;0.4300;0.2500;4.3000;2.5000;1; 0.0000;0.0000;0.0000;-0.0000
15.0000;8.0000;0.4200;0.0000;0.0000;0.2500;-0.5000;-0.0200;0.0000;0.0000;0.0000;0.0000;0.0000;0.0000;0.0000;0.0000;1; 0.0000;0.0000;0.0000;0.0000
15.0000;8.0000;0.3800;-0.5000;0.0000;0.2500;-0.4600;-0.0200;0.0000;0.5000;0.0000;-1.3158;0.0000;-0.5000;0.0000;-1.3158;1; 0.0000;0.0000;0.0000;-0.0000
15.0000;8.0000;0.3400;-0.5000;0.0000;0.2500;-0.4100;-0.0200;0.0000;0.5000;0.0000;-1.4706;0.0000;-0.5000;0.0000;-1.4706;1; 0.0000;0.0000;0.0000;0.0000
15.0000;8.0000;0.2800;-0.5000;0.0000;0.2500;-0.3600;-0.0200;0.0000;0.5000;0.0000;-1.7857;0.0000;-0.5000;0.0000;-1.7857;1; 0.0000;0.0000;0.0000;-0.0000
15.0000;8.0000;0.1900;-0.5000;0.0000;0.2500;-0.2600;-0.0200;0.0000;0.5000;0.0000;-2.6316;0.0000;-0.5000;0.0000;-2.6316;1; -0.0000;-0.0100;0.0000;-0.0000
15.0000;8.0000;0.0100;0.2500;0.0000;0.2900;-0.0400;-0.0200;0.2500;0.4300;0.0000;25.0000;0.2500;-0.4300;25.0000;-43.0000;1; 0.0000;0.0000;0.0000;0.0000
15.0000;8.0000;0.0400;0.2500;0.0000;0.3100;0.0000;-0.0200;0.2500;0.4300;0.0000;6.2500;0.2500;0.4300;6.2500;10.7500;1; 0.0000;0.0000;0.0000;0.0000
15.0000;8.0000;0.0600;0.2500;0.0000;0.3400;0.0400;-0.0200;0.2500;0.4300;0.0000;4.1667;0.2500;0.4300;4.1667;7.1667;1; 0.0000;0.0000;0.0000;0.0000
15.0000;8.0000;0.1000;0.3800;0.0000;0.3600;0.0900;-0.0200;0.2500;0.4300;0.0000;3.8000;0.2500;0.4300;2.5000;4.3000;1; 0.0000;0.0000;0.0000;0.0000
15.0000;8.0000;0.4200;0.0000;0.0000;0.0000;-0.5000;-0.0200;0.0000;0.0000;0.0000;0.0000;0.0000;0.0000;0.0000;0.0000;1; 0.0000;0.0000;0.0000;0.0000
15.0000;8.0000;0.3800;-0.5000;0.0000;0.0000;-0.4600;-0.0200;0.0000;0.5000;0.0000;-1.3158;-0.5000;-0.0000;-1.3158;-0.0000;1; 0.0000;0.0000;0.0000;-0.0000
15.0000;8.0000;0.3400;-0.5000;0.0000;0.0000;-0.4100;-0.0200;0.0000;0.5000;0.0000;-1.4706;-0.5000;-0.0000;-1.4706;-0.0000;1; 0.0000;0.0000;0.0000;0.0000
15.0000;8.0000;0.2800;-0.5000;0.0000;0.0000;-0.3600;-0.0200;0.0000;0.5000;0.0000;-1.7857;-0.5000;-0.0000;-1.7857;-0.0000;1; 0.0000;0.0000;0.0000;-0.0000
15.0000;8.0000;0.2400;-0.5000;0.0000;0.0000;-0.3100;-0.0200;0.0000;0.5000;0.0000;-2.0833;-0.5000;-0.0000;-2.0833;-0.0000;1; 0.0000;0.0000;0.0000;0.0000
15.0000;8.0000;0.1900;-0.5000;0.0000;0.0000;-0.2600;-0.0200;0.0000;0.5000;0.0000;-2.6316;-0.5000;-0.0000;-2.6316;-0.0000;1; -0.0000;-0.0100;0.0000;-0.0000
8.0000;15.0000;0.0000;0.0000;1.0000;0.0000;0.0800;0.0200;0.0000;0.0000;0.0000;0.0000;0.0000;0.0000;0.0000;0.0000;1; -0.0000;0.4900;0.0000;0.0000
8.0000;15.0000;0.0000;0.0000;1.0000;0.0000;0.0800;0.0200;0.0000;0.0000;0.0000;0.0000;0.0000;0.0000;0.0000;0.0000;1; -0.0000;0.4900;0.0000;0.0000
8.0000;15.0000;0.0100;0.0000;1.0000;0.0000;0.0800;0.0200;0.0000;0.0000;0.0000;0.0000;0.0000;0.0000;0.0000;0.0000;1; -0.0000;0.4900;0.0000;0.0000
8.0000;15.0000;-0.0100;0.0000;1.0000;0.0000;0.0700;0.0200;0.0000;0.0000;0.0000;0.0000;0.0000;0.0000;0.0000;0.0000;1; -0.0000;0.4900;0.0000;0.0000
8.0000;15.0000;-0.0000;0.0000;1.0000;0.0000;0.0700;0.0200;0.0000;0.0000;0.0000;0.0000;0.0000;0.0000;0.0000;0.0000;1; -0.0000;0.4900;0.0000;0.0000
8.0000;15.0000;-0.0000;0.0000;1.0000;0.0000;0.0700;0.0200;0.0000;0.0000;0.0000;0.0000;0.0000;0.0000;0.0000;0.0000;1; -0.0000;0.4900;0.0000;0.0000
8.0000;15.0000;-0.0100;0.0000;1.0000;0.0000;0.0700;0.0200;0.0000;0.0000;0.0000;0.0000;0.0000;0.0000;0.0000;0.0000;1; -0.0000;0.4900;0.0000;0.0000
15.0000;8.0000;-0.0100;0.0000;1.0000;0.0000;-0.0700;-0.0200;0.0000;0.0000;0.0000;0.0000;0.0000;0.0000;0.0000;0.0000;1; -0.0000;0.4900;0.0000;-0.0000
8.0000;15.0000;-0.0000;0.0000;1.0000;0.0000;0.0700;0.0200;0.0000;0.0000;0.0000;0.0000;0.0000;0.0000;0.0000;0.0000;1; -0.0000;0.4900;0.0000;0.0000
15.0000;8.0000;-0.0000;0.0000;1.0000;0.0000;-0.0700;-0.0200;0.0000;0.0000;0.0000;0.0000;0.0000;0.0000;0.0000;0.0000;1; -0.0000;0.4900;0.0000;-0.0000
8.0000;15.0000;-0.0100;0.0000;1.0000;0.0000;0.0700;0.0200;0.0000;0.0000;0.0000;0.0000;0.0000;0.0000;0.0000;0.0000;1; 0.0000;0.4900;0.0000;0.0000
15.0000;8.0000;-0.0100;0.0000;1.0000;-0.0000;-0.0700;-0.0200;0.0000;0.0000;0.0000;0.0000;0.0000;0.0000;0.0000;0.0000;1; -0.0000;0.4900;0.0000;-0.0000
8.0000;15.0000;-0.0100;0.0000;1.0000;0.0000;0.0700;0.0200;0.0000;0.0000;0.0000;0.0000;0.0000;0.0000;0.0000;0.0000;1; 0.0000;0.4900;0.0000;0.0000
15.0000;8.0000;-0.0100;0.0000;1.0000;-0.0000;-0.0700;-0.0200;0.0000;0.0000;0.0000;0.0000;0.0000;0.0000;0.0000;0.0000;1; -0.0000;0.4900;0.0000;-0.0000
8.0000;15.0000;0.4200;0.0000;0.0000;-0.0900;0.5000;0.0200;0.0000;0.0000;0.0000;0.0000;0.0000;0.0000;0.0000;0.0000;1; 0.0000;0.5000;0.0000;0.0000
15.0000;8.0000;0.3800;-0.5000;0.0000;0.0900;-0.4600;-0.0200;0.0000;0.5000;0.0000;-1.3158;-0.5000;-0.0000;-1.3158;-0.0000;1; 0.0000;0.0000;0.0000;-0.0000
15.0000;8.0000;0.3400;-0.5000;0.0000;0.0900;-0.4100;-0.0200;0.0000;0.5000;0.0000;-1.4706;-0.5000;-0.0000;-1.4706;-0.0000;1; 0.0000;0.0000;0.0000;0.0000
15.0000;8.0000;0.2800;-0.5000;0.0000;0.0900;-0.3600;-0.0200;0.0000;0.5000;0.0000;-1.7857;-0.5000;-0.0000;-1.7857;-0.0000;1; 0.0000;0.0000;0.0000;-0.0000
15.0000;8.0000;0.1900;-0.5000;0.0000;0.0900;-0.2600;-0.0200;0.0000;0.5000;0.0000;-2.6316;-0.5000;-0.0000;-2.6316;-0.0000;1; -0.0000;-0.0100;0.0000;-0.0000
8.0000;15.0000;-0.0000;-0.0800;1.0000;-0.1000;0.0300;0.0200;-0.1100;-0.1500;0.0000;-80.0000;-0.0800;0.1700;-80.0000;170.0000;1; 0.0100;0.4900;0.0000;0.0000
8.0000;15.0000;0.0000;-0.1000;1.0000;-0.1300;-0.0100;0.0200;-0.1800;-0.2800;0.0000;-100.0000;-0.1000;0.3200;-100.0000;320.0000;1; 0.0100;0.4900;0.0000;0.0000
8.0000;15.0000;0.0000;-0.1000;1.0000;-0.1500;-0.0400;0.0200;-0.1800;-0.3200;0.0000;-100.0000;-0.1000;0.3500;-100.0000;350.0000;1; 0.0100;0.4900;0.0000;0.0000
8.0000;15.0000;-0.0100;-0.1100;1.0000;-0.1600;-0.0800;0.0200;-0.1600;-0.3500;0.0000;-110.0000;-0.1100;0.3700;-110.0000;370.0000;1; 0.0100;0.4900;0.0000;0.0000
8.0000;15.0000;-0.0000;-0.1200;1.0000;-0.1800;-0.1200;0.0200;-0.1500;-0.4000;0.0000;-120.0000;-0.1200;0.4100;-120.0000;410.0000;1; 0.0100;0.5000;0.0000;0.0000
15.0000;8.0000;0.0100;0.3300;0.0000;0.2800;-0.0600;-0.0200;0.4300;0.2600;0.0000;33.0000;0.4300;-0.2600;43.0000;-26.0000;1; 0.0000;0.0000;0.0000;-0.0000
8.0000;15.0000;0.4300;0.0000;0.0000;-0.2900;0.5000;0.0200;0.0000;0.0000;0.0000;0.0000;0.0000;0.0000;0.0000;0.0000;1; 0.0000;0.5000;0.0000;0.0000
15.0000;8.0000;0.3900;-0.5000;0.0000;0.2900;-0.4600;-0.0200;0.0000;0.5000;0.0000;-1.2821;0.0000;-0.5000;0.0000;-1.2821;1; 0.0000;0.0000;0.0000;-0.0000
15.0000;8.0000;0.3400;-0.5000;0.0000;0.2900;-0.4100;-0.0200;0.0000;0.5000;0.0000;-1.4706;0.0000;-0.5000;0.0000;-1.4706;1; 0.0000;0.0000;0.0000;0.0000
15.0000;8.0000;0.2900;-0.5000;0.0000;0.2900;-0.3600;-0.0200;0.0000;0.5000;0.0000;-1.7241;0.0000;-0.5000;0.0000;-1.7241;1; 0.0000;0.0000;0.0000;-0.0000
15.0000;8.0000;0.2400;-0.4900;0.0000;0.2900;-0.3100;-0.0200;0.0000;0.5000;0.0000;-2.0417;0.0000;-0.5000;0.0000;-2.0833;1; 0.0000;0.0000;0.0000;0.0000
15.0000;8.0000;0.1900;-0.4900;0.0000;0.2900;-0.2600;-0.0200;0.0000;0.5000;0.0000;-2.5789;0.0000;-0.5000;0.0000;-2.6316;1; -0.0000;-0.0100;0.0000;-0.0000
15.0000;8.0000;0.0100;0.0000;0.0000;0.2900;-0.0100;-0.0200;0.0000;0.5000;0.0000;0.0000;0.0000;-0.5000;0.0000;-50.0000;1; 0.0000;0.0000;0.0000;-0.0000
15.0000;8.0000;0.0300;0.3500;0.0000;0.2900;0.0900;-0.0200;0.0000;0.5000;0.0000;11.6667;0.0000;0.5000;0.0000;16.6667;1; -0.0000;-0.0100;0.0000;-0.0000
15.0000;8.0000;0.0700;0.4700;0.0000;0.2900;0.1400;-0.0200;0.0000;0.5100;0.0000;6.7143;0.0000;0.5100;0.0000;7.2857;1; 0.0000;0.0000;0.0000;0.0000
15.0000;8.0000;0.1200;0.4800;0.0000;0.2900;0.1900;-0.0200;0.0000;0.5000;0.0000;4.0000;0.0000;0.5000;0.0000;4.1667;1; 0.0000;0.0000;0.0000;0.0000
8.0000;15.0000;0.1700;0.4900;0.0000;-0.2900;-0.2400;0.0200;0.0000;-0.5000;0.0000;2.8824;0.0000;0.5000;0.0000;2.9412;1; 0.0000;0.5000;0.0000;0.0000
15.0000;8.0000;0.1700;0.4900;0.0000;0.2900;0.2400;-0.0200;0.0000;0.5000;0.0000;2.8824;0.0000;0.5000;0.0000;2.9412;1; 0.0000;0.0000;0.0000;-0.0000
8.0000;15.0000;0.2200;0.4900;0.0000;-0.2900;-0.2900;0.0200;0.0000;-0.5000;0.0000;2.2273;0.0000;0.5000;0.0000;2.2727;1; 0.0000;0.5000;0.0000;0.0000
15.0000;8.0000;0.2200;0.4900;0.0000;0.2900;0.2900;-0.0200;0.0000;0.5000;0.0000;2.2273;0.0000;0.5000;0.0000;2.2727;1; 0.0000;0.0000;0.0000;0.0000
8.0000;15.0000;0.2700;0.5000;0.0000;-0.2900;-0.3400;0.0200;0.0000;-0.5000;0.0000;1.8519;0.0000;0.5000;0.0000;1.8519;1; 0.0000;0.5000;0.0000;0.0000
8.0000;15.0000;0.3200;0.5000;0.0000;-0.2900;-0.3900;0.0200;0.0000;-0.5000;0.0000;1.5625;0.0000;0.5000;0.0000;1.5625;1; 0.0000;0.5000;0.0000;0.0000
8.0000;15.0000;0.4200;0.0000;0.0000;-0.2100;0.5000;0.0200;0.0000;0.0000;0.0000;0.0000;0.0000;0.0000;0.0000;0.0000;1; 0.0000;0.5000;0.0000;0.0000
15.0000;8.0000;0.3800;-0.5000;0.0000;0.2100;-0.4600;-0.0200;0.0000;0.5000;0.0000;-1.3158;-0.5000;-0.0000;-1.3158;-0.0000;1; 0.0000;0.0000;0.0000;-0.0000
15.0000;8.0000;0.3400;-0.5000;0.0000;0.2100;-0.4100;-0.0200;0.0000;0.5000;0.0000;-1.4706;-0.5000;-0.0000;-1.4706;-0.0000;1; 0.0000;0.0000;0.0000;0.0000
15.0000;8.0000;0.2800;-0.5000;0.0000;0.2100;-0.3600;-0.0200;0.0000;0.5000;0.0000;-1.7857;-0.5000;-0.0000;-1.7857;-0.0000;1; 0.0000;0.0000;0.0000;-0.0000
15.0000;8.0000;0.1900;-0.5000;0.0000;0.2100;-0.2600;-0.0200;0.0000;0.5000;0.0000;-2.6316;-0.5000;-0.0000;-2.6316;-0.0000;1; -0.0000;-0.0100;0.0000;-0.0000
15.0000;8.0000;0.0000;-0.2300;1.0000;0.2100;-0.0800;-0.0200;0.0500;0.2300;0.0000;-230.0000;-0.2300;0.0500;-230.0000;50.0000;1; 0.0200;0.2800;0.0000;1.0900
15.0000;8.0000;0.0000;0.0000;1.0000;0.2700;-0.0700;-0.0200;0.3300;0.3100;0.0000;0.0000;0.3300;-0.3100;330.0000;-310.0000;1; 0.0000;0.0000;0.0000;0.0000
15.0000;8.0000;0.0300;0.3300;0.0000;0.3000;-0.0300;-0.0200;0.3300;0.3800;0.0000;11.0000;0.3300;-0.3800;11.0000;-12.6667;1; 0.0000;0.0000;0.0000;0.0000
15.0000;8.0000;0.0600;0.3300;0.0000;0.3300;0.0000;-0.0200;0.3300;0.3800;0.0000;5.5000;0.3300;0.3800;5.5000;6.3333;1; 0.0000;0.0000;0.0000;0.0000
8.0000;15.0000;0.4200;0.0000;0.0000;-0.2000;0.5000;0.0200;0.0000;0.0000;0.0000;0.0000;0.0000;0.0000;0.0000;0.0000;1; 0.0000;0.5000;0.0000;0.0000
15.0000;8.0000;0.3800;-0.5000;0.0000;0.2000;-0.4600;-0.0200;0.0000;0.5000;0.0000;-1.3158;-0.5000;-0.0000;-1.3158;-0.0000;1; 0.0000;0.0000;0.0000;-0.0000
15.0000;8.0000;0.3400;-0.5000;0.0000;0.2000;-0.4100;-0.0200;0.0000;0.5000;0.0000;-1.4706;-0.5000;-0.0000;-1.4706;-0.0000;1; 0.0000;0.0000;0.0000;0.0000
15.0000;8.0000;0.2800;-0.5000;0.0000;0.2000;-0.3600;-0.0200;0.0000;0.5000;0.0000;-1.7857;-0.5000;-0.0000;-1.7857;-0.0000;1; 0.0000;0.0000;0.0000;-0.0000
15.0000;8.0000;0.1900;-0.5000;0.0000;0.2000;-0.2600;-0.0200;0.0000;0.5000;0.0000;-2.6316;-0.5000;-0.0000;-2.6316;-0.0000;1; -0.0000;-0.0100;0.0000;-0.0000
15.0000;8.0000;0.0000;-0.2100;1.0000;0.2000;-0.0800;-0.0200;0.0500;0.2100;0.0000;-210.0000;-0.2100;0.0500;-210.0000;50.0000;1; 0.0200;0.2800;0.0000;1.1200
15.0000;8.0000;0.0000;-0.1600;1.0000;0.2500;-0.0800;-0.0200;0.3400;0.1900;0.0000;-160.0000;0.3400;-0.1900;340.0000;-190.0000;1; 0.0000;0.0000;0.0000;0.0000
15.0000;8.0000;0.0100;0.2200;0.0000;0.2900;-0.0600;-0.0200;0.3400;0.3700;0.0000;22.0000;0.3400;-0.3700;34.0000;-37.0000;1; 0.0000;0.0000;0.0000;0.0000
15.0000;8.0000;0.0400;0.3400;0.0000;0.3200;-0.0200;-0.0200;0.3400;0.3700;0.0000;8.5000;0.3400;-0.3700;8.5000;-9.2500;1; 0.0000;0.0000;0.0000;0.0000
8.0000;15.0000;0.4300;0.0000;0.0000;-0.3300;0.5000;0.0200;0.0000;0.0000;0.0000;0.0000;0.0000;0.0000;0.0000;0.0000;1; 0.0000;0.5000;0.0000;0.0000
15.0000;8.0000;0.3900;-0.4900;0.0000;0.3300;-0.4600;-0.0200;0.0000;0.5000;0.0000;-1.2564;0.0000;-0.5000;0.0000;-1.2821;1; 0.0000;0.0000;0.0000;-0.0000
15.0000;8.0000;0.3400;-0.4900;0.0000;0.3300;-0.4100;-0.0200;0.0000;0.5000;0.0000;-1.4412;0.0000;-0.5000;0.0000;-1.4706;1; 0.0000;0.0000;0.0000;0.0000
15.0000;8.0000;0.3000;-0.4800;0.0000;0.3300;-0.3600;-0.0200;0.0000;0.5000;0.0000;-1.6000;0.0000;-0.5000;0.0000;-1.6667;1; 0.0000;0.0000;0.0000;-0.0000
15.0000;8.0000;0.2500;-0.4800;0.0000;0.3300;-0.3100;-0.0200;0.0000;0.5000;0.0000;-1.9200;0.0000;-0.5000;0.0000;-2.0000;1; 0.0000;0.0000;0.0000;0.0000
15.0000;8.0000;0.2000;-0.4700;0.0000;0.3300;-0.2600;-0.0200;0.0000;0.5000;0.0000;-2.3500;0.0000;-0.5000;0.0000;-2.5000;1; -0.0000;-0.0100;0.0000;-0.0000
15.0000;8.0000;0.0600;0.0000;0.0000;0.3300;0.0400;-0.0200;0.0000;0.5000;0.0000;0.0000;0.0000;0.5000;0.0000;8.3333;1; 0.0000;0.0000;0.0000;0.0000
15.0000;8.0000;0.0600;0.2200;0.0000;0.3300;0.0900;-0.0200;0.0000;0.5000;0.0000;3.6667;0.0000;0.5000;0.0000;8.3333;1; -0.0000;-0.0100;0.0000;-0.0000
15.0000;8.0000;0.1000;0.3800;0.0000;0.3300;0.1400;-0.0200;0.0000;0.5100;0.0000;3.8000;0.0000;0.5100;0.0000;5.1000;1; 0.0000;0.0000;0.0000;0.0000
15.0000;8.0000;0.1400;0.4300;0.0000;0.3300;0.1900;-0.0200;0.0000;0.5000;0.0000;3.0714;0.0000;0.5000;0.0000;3.5714;1; 0.0000;0.0000;0.0000;0.0000
15.0000;8.0000;0.1800;0.4600;0.0000;0.3300;0.2400;-0.0200;0.0000;0.5000;0.0000;2.5556;0.0000;0.5000;0.0000;2.7778;1; 0.0000;0.0000;0.0000;-0.0000
8.0000;15.0000;0.2300;0.4700;0.0000;-0.3300;-0.2900;0.0200;0.0000;-0.5000;0.0000;2.0435;0.0000;0.5000;0.0000;2.1739;1; 0.0000;0.5000;0.0000;0.0000
15.0000;8.0000;0.2300;0.4700;0.0000;0.3300;0.2900;-0.0200;0.0000;0.5000;0.0000;2.0435;0.0000;0.5000;0.0000;2.1739;1; 0.0000;0.0000;0.0000;0.0000
8.0000;15.0000;0.2800;0.4800;0.0000;-0.3300;-0.3400;0.0200;0.0000;-0.5000;0.0000;1.7143;0.0000;0.5000;0.0000;1.7857;1; 0.0000;0.5000;0.0000;0.0000
8.0000;15.0000;0.3200;0.4900;0.0000;-0.3300;-0.3900;0.0200;0.0000;-0.5000;0.0000;1.5312;0.0000;0.5000;0.0000;1.5625;1; 0.0000;0.5000;0.0000;0.0000
8.0000;15.0000;0.4300;0.0000;0.0000;-0.3200;0.5000;0.0200;0.0000;0.0000;0.0000;0.0000;0.0000;0.0000;0.0000;0.0000;1; 0.0000;0.5000;0.0000;0.0000
15.0000;8.0000;0.3900;-0.4900;0.0000;0.3200;-0.4600;-0.0200;0.0000;0.5000;0.0000;-1.2564;0.0000;-0.5000;0.0000;-1.2821;1; 0.0000;0.0000;0.0000;-0.0000
15.0000;8.0000;0.3400;-0.4900;0.0000;0.3200;-0.4100;-0.0200;0.0000;0.5000;0.0000;-1.4412;0.0000;-0.5000;0.0000;-1.4706;1; 0.0000;0.0000;0.0000;0.0000
15.0000;8.0000;0.2900;-0.4900;0.0000;0.3200;-0.3600;-0.0200;0.0000;0.5000;0.0000;-1.6897;0.0000;-0.5000;0.0000;-1.7241;1; 0.0000;0.0000;0.0000;-0.0000
15.0000;8.0000;0.2400;-0.4800;0.0000;0.3200;-0.3100;-0.0200;0.0000;0.5000;0.0000;-2.0000;0.0000;-0.5000;0.0000;-2.0833;1; 0.0000;0.0000;0.0000;0.0000
15.0000;8.0000;0.2000;-0.4700;0.0000;0.3200;-0.2600;-0.0200;0.0000;0.5000;0.0000;-2.3500;0.0000;-0.5000;0.0000;-2.5000;1; -0.0000;-0.0100;0.0000;-0.0000
15.0000;8.0000;0.0500;0.0000;0.0000;0.3200;0.0400;-0.0200;0.0000;0.5000;0.0000;0.0000;0.0000;0.5000;0.0000;10.0000;1; 0.0000;0.0000;0.0000;0.0000
15.0000;8.0000;0.0600;0.2500;0.0000;0.3200;0.0900;-0.0200;0.0000;0.5000;0.0000;4.1667;0.0000;0.5000;0.0000;8.3333;1; -0.0000;-0.0100;0.0000;-0.0000
15.0000;8.0000;0.0900;0.4000;0.0000;0.3200;0.1400;-0.0200;0.0000;0.5100;0.0000;4.4444;0.0000;0.5100;0.0000;5.6667;1; 0.0000;0.0000;0.0000;0.0000
15.0000;8.0000;0.1300;0.4500;0.0000;0.3200;0.1900;-0.0200;0.0000;0.5000;0.0000;3.4615;0.0000;0.5000;0.0000;3.8462;1; 0.0000;0.0000;0.0000;0.0000
15.0000;8.0000;0.1800;0.4700;0.0000;0.3200;0.2400;-0.0200;0.0000;0.5000;0.0000;2.6111;0.0000;0.5000;0.0000;2.7778;1; 0.0000;0.0000;0.0000;-0.0000
15.0000;8.0000;0.2200;0.4800;0.0000;0.3200;0.2900;-0.0200;0.0000;0.5000;0.0000;2.1818;0.0000;0.5000;0.0000;2.2727;1; 0.0000;0.0000;0.0000;0.0000
15.0000;8.0000;0.2700;0.4900;0.0000;0.3200;0.3400;-0.0200;0.0000;0.5000;0.0000;1.8148;0.0000;0.5000;0.0000;1.8519;1; 0.0000;0.0000;0.0000;-0.0000
15.0000;8.0000;0.3200;0.4900;0.0000;0.3200;0.3900;-0.0200;0.0000;0.5000;0.0000;1.5312;0.0000;0.5000;0.0000;1.5625;1; 0.0000;0.0000;0.0000;0.0000
8.0000;15.0000;0.4200;0.0000;0.0000;-0.2400;0.5000;0.0200;0.0000;0.0000;0.0000;0.0000;0.0000;0.0000;0.0000;0.0000;1; 0.0000;0.5000;0.0000;0.0000
15.0000;8.0000;0.4000;-0.5000;0.0000;0.2400;-0.4700;-0.0200;0.0000;0.5000;0.0000;-1.2500;-0.5000;-0.0000;-1.2500;-0.0000;1; 0.0000;0.0000;0.0000;-0.0000
15.0000;8.0000;0.3400;-0.5000;0.0000;0.2400;-0.4200;-0.0200;0.0000;0.5000;0.0000;-1.4706;-0.5000;-0.0000;-1.4706;-0.0000;1; 0.0000;0.0000;0.0000;0.0000
15.0000;8.0000;0.3000;-0.5000;0.0000;0.2400;-0.3700;-0.0200;0.0000;0.5000;0.0000;-1.6667;-0.5000;-0.0000;-1.6667;-0.0000;1; 0.0000;0.0000;0.0000;-0.0000
15.0000;8.0000;0.2000;-0.5000;0.0000;0.2400;-0.2700;-0.0200;0.0000;0.5000;0.0000;-2.5000;-0.5000;-0.0000;-2.5000;-0.0000;1; -0.0000;-0.0100;0.0000;-0.0000
15.0000;8.0000;-0.0000;-0.3400;1.0000;0.2400;-0.0700;-0.0200;0.0300;0.3400;0.0000;-340.0000;-0.3400;0.0300;-340.0000;30.0000;1; 0.0200;0.2600;0.0000;1.0300
15.0000;8.0000;-0.0000;0.0000;1.0000;0.2700;-0.0700;-0.0200;0.2900;0.2900;0.0000;0.0000;0.2900;-0.2900;290.0000;-290.0000;1; 0.0000;0.0000;0.0000;0.0000
15.0000;8.0000;0.0200;0.2800;0.0000;0.2900;-0.0300;-0.0200;0.2800;0.4200;0.0000;14.0000;0.2800;-0.4200;14.0000;-21.0000;1; 0.0000;0.0000;0.0000;0.0000
15.0000;8.0000;0.0500;0.2800;0.0000;0.3200;0.0100;-0.0200;0.2800;0.4200;0.0000;5.6000;0.2800;0.4200;5.6000;8.4000;1; 0.0000;0.0000;0.0000;0.0000
15.0000;8.0000;0.0700;0.3000;0.0000;0.3500;0.0500;-0.0200;0.2800;0.4200;0.0000;4.2857;0.2800;0.4200;4.0000;6.0000;1; 0.0000;0.0000;0.0000;0.0000
15.0000;8.0000;0.1300;-0.5100;0.0000;-0.2500;-0.2000;-0.0200;0.0000;0.5100;0.0000;-3.9231;0.0000;-0.5100;0.0000;-3.9231;2; 0.0000;0.0000;0.0000;0.0000
15.0000;8.0000;0.0800;-0.5000;0.0000;-0.2500;-0.1500;-0.0200;0.0000;0.5000;0.0000;-6.2500;0.0000;-0.5000;0.0000;-6.2500;2; 0.0000;0.0000;0.0000;0.0000
8.0000;15.0000;-0.0000;-0.2600;1.0000;0.2500;0.0600;0.0200;0.0200;-0.2600;0.0000;-260.0000;-0.2600;0.0300;-260.0000;30.0000;2; -0.0000;0.5000;0.0000;0.0000
15.0000;8.0000;-0.0000;-0.2600;1.0000;-0.2500;-0.0700;-0.0200;-0.0300;0.2600;0.0000;-260.0000;-0.2600;0.0300;-260.0000;30.0000;2; -0.0100;0.2500;0.0000;-1.0100
8.0000;15.0000;-0.0000;-0.1400;1.0000;0.2600;-0.0700;0.0200;0.0700;-0.3900;0.0000;-140.0000;0.2500;-0.3000;250.0000;-300.0000;2; 0.0000;0.5000;0.0000;0.0000
8.0000;15.0000;0.0300;-0.5000;0.0000;-0.2500;0.1100;0.0200;0.0000;-0.5000;0.0000;-16.6667;0.0000;-0.5000;0.0000;-16.6667;2; 0.0000;0.4900;0.0000;0.0000
15.0000;8.0000;0.0300;-0.5000;0.0000;0.2500;-0.1100;-0.0200;0.0000;0.5000;0.0000;-16.6667;0.0000;-0.5000;0.0000;-16.6667;2; -0.0300;0.2500;0.0000;1.0000
8.0000;15.0000;-0.0000;-0.2200;1.0000;-0.2600;-0.0400;0.0200;-0.0500;-0.2900;0.0000;-220.0000;0.1700;-0.2400;170.0000;-240.0000;2; 0.0100;0.5000;0.0000;0.0000
8.0000;15.0000;-0.0000;-0.1300;1.0000;-0.0900;0.0700;0.0200;-0.0200;-0.1300;0.0000;-130.0000;-0.1300;0.0300;-130.0000;30.0000;2; 0.0000;0.5000;0.0000;0.0000
15.0000;8.0000;-0.0000;-0.1300;1.0000;0.0900;-0.0700;-0.0200;0.0300;0.1300;0.0000;-130.0000;-0.1300;0.0300;-130.0000;30.0000;2; 0.0000;0.3800;0.0000;1.4800
15.0000;8.0000;0.0000;-0.1200;1.0000;0.0800;-0.0800;-0.0200;0.0200;0.1200;0.0000;-120.0000;-0.1200;0.0200;-120.0000;20.0000;2; -0.0500;0.3700;0.0000;1.4600
15.0000;8.0000;0.0000;-0.1000;1.0000;0.0700;-0.0800;-0.0200;0.0900;0.1000;0.0000;-100.0000;-0.1000;0.0900;-100.0000;90.0000;2; -0.1000;0.3400;0.0000;1.3200
15.0000;8.0000;-0.0000;-0.0800;1.0000;0.0700;-0.0700;-0.0200;0.1700;0.0800;0.0000;-80.0000;-0.0800;0.1700;-80.0000;170.0000;2; -0.1400;0.2800;0.0000;1.2000
15.0000;8.0000;-0.0000;-0.0900;1.0000;0.0900;-0.0700;-0.0200;0.2400;0.0900;0.0000;-90.0000;-0.0900;0.2400;-90.0000;240.0000;2; -0.1800;0.2100;0.0000;0.9600
15.0000;8.0000;0.0000;-0.1000;1.0000;0.1100;-0.0800;-0.0200;0.3200;0.1000;0.0000;-100.0000;-0.1000;0.3200;-100.0000;320.0000;2; -0.1700;0.1700;0.0000;0.8200
15.0000;8.0000;0.0000;-0.1000;1.0000;0.1300;-0.0800;-0.0200;0.3500;0.1000;0.0000;-100.0000;-0.1000;0.3500;-100.0000;350.0000;2; -0.1500;0.1400;0.0000;0.7200
15.0000;8.0000;-0.0100;-0.1100;1.0000;0.1700;-0.0700;-0.0200;0.3700;0.1100;0.0000;-110.0000;-0.1100;0.3700;-110.0000;370.0000;2; -0.1400;0.0900;0.0000;0.6500
15.0000;8.0000;-0.0000;-0.1200;1.0000;0.2000;-0.0700;-0.0200;0.4100;0.1200;0.0000;-120.0000;-0.1200;0.4100;-120.0000;410.0000;2; -0.1300;0.0500;0.0000;0.5600
15.0000;8.0000;-0.0000;-0.1900;1.0000;0.2100;-0.0700;-0.0200;0.1700;0.1900;0.0000;-190.0000;-0.1900;0.1700;-190.0000;170.0000;2; -0.0800;0.2100;0.0000;0.9100
15.0000;8.0000;-0.0000;-0.1900;1.0000;0.2300;-0.0700;-0.0200;0.2200;0.1900;0.0000;-190.0000;-0.1900;0.2200;-190.0000;220.0000;2; -0.1200;0.1700;0.0000;0.7900
15.0000;8.0000;-0.0000;-0.1900;1.0000;0.2500;-0.0700;-0.0200;0.2900;0.1900;0.0000;-190.0000;-0.1900;0.2900;-190.0000;290.0000;2; -0.0500;0.0500;0.0000;0.2300
15.0000;8.0000;-0.0000;-0.2100;1.0000;0.1900;-0.0700;-0.0200;0.1300;0.2100;0.0000;-210.0000;-0.2100;0.1300;-210.0000;130.0000;2; -0.0700;0.2400;0.0000;0.9700
15.0000;8.0000;-0.0100;-0.2000;1.0000;0.2000;-0.0700;-0.0200;0.1800;0.2000;0.0000;-200.0000;-0.2000;0.1800;-200.0000;180.0000;2; -0.0800;0.2100;0.0000;0.8700
15.0000;8.0000;0.0000;-0.2000;1.0000;0.2100;-0.0800;-0.0200;0.2200;0.2000;0.0000;-200.0000;-0.2000;0.2200;-200.0000;220.0000;2; -0.1200;0.1700;0.0000;0.7200
15.0000;8.0000;0.0000;-0.1900;1.0000;0.2300;-0.0800;-0.0200;0.3000;0.1900;0.0000;-190.0000;-0.1900;0.3000;-190.0000;300.0000;2; -0.1300;0.1300;0.0000;0.6300
15.0000;8.0000;0.0000;-0.2200;1.0000;0.2300;-0.0800;-0.0200;0.1000;0.2200;0.0000;-220.0000;-0.2200;0.1000;-220.0000;100.0000;2; -0.0500;0.2300;0.0000;0.9700
15.0000;8.0000;-0.0000;-0.2200;1.0000;0.2400;-0.0700;-0.0200;0.1500;0.2200;0.0000;-220.0000;-0.2200;0.1500;-220.0000;150.0000;2; -0.0700;0.2100;0.0000;0.9100
15.0000;8.0000;-0.0100;-0.2100;1.0000;0.2500;-0.0700;-0.0200;0.2000;0.2100;0.0000;-210.0000;-0.2100;0.2000;-210.0000;200.0000;2; -0.0800;0.1000;0.0000;0.4500
8.0000;15.0000;-0.0100;-0.2500;1.0000;0.2500;0.0300;0.0200;-0.0100;-0.2500;0.0000;-250.0000;-0.2500;0.0300;-250.0000;30.0000;3; 0.0000;0.5000;0.0000;0.0000
8.0000;15.0000;-0.0000;-0.2500;1.0000;0.2500;0.0100;0.0200;0.0100;-0.2600;0.0000;-250.0000;-0.2500;0.0700;-250.0000;70.0000;3; 0.0000;0.5000;0.0000;0.0000
8.0000;15.0000;0.0000;-0.2500;1.0000;0.2500;-0.0100;0.0200;0.0300;-0.2800;0.0000;-250.0000;-0.2500;0.1200;-250.0000;120.0000;3; 0.0000;0.5000;0.0000;0.0000
8.0000;15.0000;0.0000;-0.2400;1.0000;-0.2500;0.0700;0.0200;-0.0300;-0.2400;0.0000;-240.0000;-0.2400;0.0400;-240.0000;40.0000;3; 0.0000;0.5000;0.0000;0.0000
15.0000;8.0000;0.0000;-0.2400;1.0000;0.2500;-0.0800;-0.0200;0.0400;0.2400;0.0000;-240.0000;-0.2400;0.0400;-240.0000;40.0000;3; 0.0100;0.2500;0.0000;1.0200
8.0000;15.0000;0.0000;-0.2500;1.0000;-0.2500;0.0200;0.0200;-0.0100;-0.2600;0.0000;-250.0000;-0.2500;0.0700;-250.0000;70.0000;3; 0.0000;0.5000;0.0000;0.0000
15.0000;8.0000;0.0000;-0.2500;1.0000;0.2400;-0.0800;-0.0200;0.0700;0.2500;0.0000;-250.0000;-0.2500;0.0700;-250.0000;70.0000;3; -0.0300;0.2300;0.0000;0.9800
8.0000;15.0000;-0.0000;-0.2400;1.0000;-0.2500;-0.0100;0.0200;-0.0300;-0.2700;0.0000;-240.0000;-0.2400;0.1200;-240.0000;120.0000;3; 0.0000;0.5000;0.0000;0.0000
15.0000;8.0000;-0.0000;-0.2400;1.0000;0.2400;-0.0700;-0.0200;0.1200;0.2400;0.0000;-240.0000;-0.2400;0.1200;-240.0000;120.0000;3; -0.0500;0.2100;0.0000;0.8700
15.0000;8.0000;-0.0000;-0.2100;1.0000;0.2000;-0.0700;-0.0200;0.0600;0.2100;0.0000;-210.0000;-0.2100;0.0600;-210.0000;60.0000;3; -0.0400;0.2600;0.0000;1.0500
15.0000;8.0000;-0.0000;-0.2000;1.0000;0.2000;-0.0700;-0.0200;0.1200;0.2000;0.0000;-200.0000;-0.2000;0.1200;-200.0000;120.0000;3; -0.0700;0.2400;0.0000;1.0100
15.0000;8.0000;-0.0100;-0.2100;1.0000;0.1900;-0.0700;-0.0200;0.0100;0.2100;0.0000;-210.0000;-0.2100;0.0100;-210.0000;10.0000;3; -0.0200;0.2800;0.0000;1.1300
15.0000;8.0000;-0.0000;-0.2100;1.0000;0.1900;-0.0700;-0.0200;0.0800;0.2100;0.0000;-210.0000;-0.2100;0.0800;-210.0000;80.0000;3; -0.0500;0.2600;0.0000;1.0900
15.0000;8.0000;-0.0000;-0.2200;1.0000;0.2300;-0.0700;-0.0200;0.0500;0.2200;0.0000;-220.0000;-0.2200;0.0500;-220.0000;50.0000;3; -0.0300;0.2500;0.0000;1.0000
15.0000;8.0000;-0.0000;-0.1400;1.0000;-0.2600;-0.0700;-0.0200;-0.2500;0.3000;0.0000;-140.0000;0.2500;-0.3000;250.0000;-300.0000;4; 0.0000;0.0000;0.0000;-0.0000
15.0000;8.0000;0.0100;0.2500;0.0000;-0.2900;-0.0400;-0.0200;-0.2500;0.4300;0.0000;25.0000;0.2500;-0.4300;25.0000;-43.0000;4; 0.0000;0.0000;0.0000;-0.0000
15.0000;8.0000;0.2400;-0.5000;0.0000;0.2500;-0.3100;-0.0200;0.0000;0.5000;0.0000;-2.0833;0.0000;-0.5000;0.0000;-2.0833;4; 0.0000;0.0000;0.0000;0.0000
15.0000;8.0000;0.1400;-0.5100;0.0000;0.2500;-0.2100;-0.0200;0.0000;0.5100;0.0000;-3.6429;0.0000;-0.5100;0.0000;-3.6429;4; 0.0000;0.0000;0.0000;0.0000
15.0000;8.0000;0.0800;-0.5000;0.0000;0.2500;-0.1600;-0.0200;0.0000;0.5000;0.0000;-6.2500;0.0000;-0.5000;0.0000;-6.2500;4; 0.0000;0.0000;0.0000;0.0000
8.0000;15.0000;-0.0000;-0.2500;1.0000;-0.2500;0.0400;0.0200;0.0100;-0.2500;0.0000;-250.0000;-0.2500;0.0200;-250.0000;20.0000;4; 0.0000;0.5000;0.0000;0.0000
15.0000;8.0000;-0.0000;-0.2500;1.0000;0.2400;-0.0700;-0.0200;0.0200;0.2500;0.0000;-250.0000;-0.2500;0.0200;-250.0000;20.0000;4; -0.0100;0.2400;0.0000;0.9600
15.0000;8.0000;-0.0000;-0.2200;1.0000;0.2500;-0.0700;-0.0200;0.1700;0.2400;0.0000;-220.0000;0.1700;-0.2400;170.0000;-240.0000;4; -0.0700;0.1300;0.0000;0.5600
8.0000;15.0000;0.0000;-0.1200;1.0000;-0.0900;0.0600;0.0200;0.0000;-0.1200;0.0000;-120.0000;-0.1200;0.0200;-120.0000;20.0000;4; 0.0000;0.4900;0.0000;0.0000
8.0000;15.0000;0.0000;-0.1000;1.0000;-0.0900;0.0500;0.0200;-0.0500;-0.1200;0.0000;-100.0000;-0.1000;0.0900;-100.0000;90.0000;4; 0.0100;0.4900;0.0000;0.0000
15.0000;8.0000;0.4300;0.0000;0.0000;0.2900;-0.5000;-0.0200;0.0000;0.0000;0.0000;0.0000;0.0000;0.0000;0.0000;0.0000;4; 0.0000;0.0000;0.0000;0.0000
15.0000;8.0000;0.1400;-0.4900;0.0000;0.2900;-0.2100;-0.0200;0.0000;0.5100;0.0000;-3.5000;0.0000;-0.5100;0.0000;-3.6429;4; 0.0000;0.0000;0.0000;0.0000
15.0000;8.0000;0.0900;-0.4700;0.0000;0.2900;-0.1600;-0.0200;0.0000;0.5000;0.0000;-5.2222;0.0000;-0.5000;0.0000;-5.5556;4; 0.0000;0.0000;0.0000;0.0000
15.0000;8.0000;0.0500;-0.4200;0.0000;0.2900;-0.1100;-0.0200;0.0000;0.5000;0.0000;-8.4000;0.0000;-0.5000;0.0000;-10.0000;4; 0.0000;0.0000;0.0000;-0.0000
15.0000;8.0000;0.0200;-0.1200;0.0000;0.2900;-0.0600;-0.0200;0.0000;0.5000;0.0000;-6.0000;0.0000;-0.5000;0.0000;-25.0000;4; 0.0000;0.0000;0.0000;0.0000
15.0000;8.0000;0.2700;0.5000;0.0000;0.2900;0.3400;-0.0200;0.0000;0.5000;0.0000;1.8519;0.0000;0.5000;0.0000;1.8519;4; 0.0000;0.0000;0.0000;-0.0000
15.0000;8.0000;0.3200;0.5000;0.0000;0.2900;0.3900;-0.0200;0.0000;0.5000;0.0000;1.5625;0.0000;0.5000;0.0000;1.5625;4; 0.0000;0.0000;0.0000;0.0000
15.0000;8.0000;0.4200;0.0000;0.0000;0.2100;-0.5000;-0.0200;0.0000;0.0000;0.0000;0.0000;0.0000;0.0000;0.0000;0.0000;4; 0.0000;0.0000;0.0000;0.0000
15.0000;8.0000;0.2400;-0.5000;0.0000;0.2100;-0.3100;-0.0200;0.0000;0.5000;0.0000;-2.0833;-0.5000;-0.0000;-2.0833;-0.0000;4; 0.0000;0.0000;0.0000;0.0000
15.0000;8.0000;0.1400;-0.5100;0.0000;0.2100;-0.2100;-0.0200;0.0000;0.5100;0.0000;-3.6429;-0.5100;-0.0000;-3.6429;-0.0000;4; 0.0000;0.0000;0.0000;0.0000
15.0000;8.0000;0.0800;-0.5000;0.0000;0.2100;-0.1600;-0.0200;0.0000;0.5000;0.0000;-6.2500;-0.5000;-0.0000;-6.2500;-0.0000;4; 0.0000;0.0000;0.0000;0.0000
15.0000;8.0000;-0.0100;-0.2200;1.0000;0.2000;-0.0700;-0.0200;0.0100;0.2200;0.0000;-220.0000;-0.2200;0.0100;-220.0000;10.0000;4; -0.0100;0.2700;0.0000;1.1000
8.0000;15.0000;-0.0000;-0.1900;1.0000;-0.2200;-0.0300;0.0200;-0.0700;-0.2500;0.0000;-190.0000;-0.1900;0.1700;-190.0000;170.0000;4; 0.0100;0.4900;0.0000;0.0000
15.0000;8.0000;0.4200;0.0000;0.0000;0.2000;-0.5000;-0.0200;0.0000;0.0000;0.0000;0.0000;0.0000;0.0000;0.0000;0.0000;4; 0.0000;0.0000;0.0000;0.0000
15.0000;8.0000;0.2400;-0.5000;0.0000;0.2000;-0.3100;-0.0200;0.0000;0.5000;0.0000;-2.0833;-0.5000;-0.0000;-2.0833;-0.0000;4; 0.0000;0.0000;0.0000;0.0000
15.0000;8.0000;0.1400;-0.5100;0.0000;0.2000;-0.2100;-0.0200;0.0000;0.5100;0.0000;-3.6429;-0.5100;-0.0000;-3.6429;-0.0000;4; 0.0000;0.0000;0.0000;0.0000
15.0000;8.0000;0.0800;-0.5000;0.0000;0.2000;-0.1600;-0.0200;0.0000;0.5000;0.0000;-6.2500;-0.5000;-0.0000;-6.2500;-0.0000;4; 0.0000;0.0000;0.0000;0.0000
15.0000;8.0000;0.4300;0.0000;0.0000;0.3300;-0.5000;-0.0200;0.0000;0.0000;0.0000;0.0000;0.0000;0.0000;0.0000;0.0000;4; 0.0000;0.0000;0.0000;0.0000
15.0000;8.0000;0.1500;-0.4600;0.0000;0.3300;-0.2100;-0.0200;0.0000;0.5100;0.0000;-3.0667;0.0000;-0.5100;0.0000;-3.4000;4; 0.0000;0.0000;0.0000;0.0000
15.0000;8.0000;0.1100;-0.4000;0.0000;0.3300;-0.1600;-0.0200;0.0000;0.5000;0.0000;-3.6364;0.0000;-0.5000;0.0000;-4.5455;4; 0.0000;0.0000;0.0000;0.0000
15.0000;8.0000;0.0800;-0.3000;0.0000;0.3300;-0.1100;-0.0200;0.0000;0.5000;0.0000;-3.7500;0.0000;-0.5000;0.0000;-6.2500;4; 0.0000;0.0000;0.0000;-0.0000
15.0000;8.0000;0.0600;-0.0600;0.0000;0.3300;-0.0600;-0.0200;0.0000;0.5000;0.0000;-1.0000;0.0000;-0.5000;0.0000;-8.3333;4; 0.0000;0.0000;0.0000;0.0000
15.0000;8.0000;0.0600;0.0000;0.0000;0.3300;-0.0100;-0.0200;0.0000;0.5000;0.0000;0.0000;0.0000;-0.5000;0.0000;-8.3333;4; 0.0000;0.0000;0.0000;-0.0000
15.0000;8.0000;0.2800;0.4800;0.0000;0.3300;0.3400;-0.0200;0.0000;0.5000;0.0000;1.7143;0.0000;0.5000;0.0000;1.7857;4; 0.0000;0.0000;0.0000;-0.0000
15.0000;8.0000;0.3200;0.4900;0.0000;0.3300;0.3900;-0.0200;0.0000;0.5000;0.0000;1.5312;0.0000;0.5000;0.0000;1.5625;4; 0.0000;0.0000;0.0000;0.0000
15.0000;8.0000;0.4300;0.0000;0.0000;0.3200;-0.5000;-0.0200;0.0000;0.0000;0.0000;0.0000;0.0000;0.0000;0.0000;0.0000;4; 0.0000;0.0000;0.0000;0.0000
15.0000;8.0000;0.1500;-0.4700;0.0000;0.3200;-0.2100;-0.0200;0.0000;0.5100;0.0000;-3.1333;0.0000;-0.5100;0.0000;-3.4000;4; 0.0000;0.0000;0.0000;0.0000
15.0000;8.0000;0.1100;-0.4200;0.0000;0.3200;-0.1600;-0.0200;0.0000;0.5000;0.0000;-3.8182;0.0000;-0.5000;0.0000;-4.5455;4; 0.0000;0.0000;0.0000;0.0000
15.0000;8.0000;0.0700;-0.3300;0.0000;0.3200;-0.1100;-0.0200;0.0000;0.5000;0.0000;-4.7143;0.0000;-0.5000;0.0000;-7.1429;4; 0.0000;0.0000;0.0000;-0.0000
15.0000;8.0000;0.0500;-0.0700;0.0000;0.3200;-0.0600;-0.0200;0.0000;0.5000;0.0000;-1.4000;0.0000;-0.5000;0.0000;-10.0000;4; 0.0000;0.0000;0.0000;0.0000
15.0000;8.0000;0.0500;0.0000;0.0000;0.3200;-0.0100;-0.0200;0.0000;0.5000;0.0000;0.0000;0.0000;-0.5000;0.0000;-10.0000;4; 0.0000;0.0000;0.0000;-0.0000
15.0000;8.0000;0.4200;0.0000;0.0000;0.2400;-0.5000;-0.0200;0.0000;0.0000;0.0000;0.0000;0.0000;0.0000;0.0000;0.0000;4; 0.0000;0.0000;0.0000;0.0000
15.0000;8.0000;0.2500;-0.5000;0.0000;0.2400;-0.3200;-0.0200;0.0000;0.5000;0.0000;-2.0000;-0.5000;-0.0000;-2.0000;-0.0000;4; 0.0000;0.0000;0.0000;0.0000
15.0000;8.0000;0.1400;-0.5100;0.0000;0.2400;-0.2200;-0.0200;0.0000;0.5100;0.0000;-3.6429;-0.5100;-0.0000;-3.6429;-0.0000;4; 0.0000;0.0000;0.0000;0.0000
15.0000;8.0000;0.1000;-0.5000;0.0000;0.2400;-0.1700;-0.0200;0.0000;0.5000;0.0000;-5.0000;-0.5000;-0.0000;-5.0000;-0.0000;4; 0.0000;0.0000;0.0000;0.0000
8.0000;15.0000;-0.0100;-0.2100;1.0000;-0.2500;-0.0600;0.0200;-0.0700;-0.2800;0.0000;-210.0000;-0.2100;0.2000;-210.0000;200.0000;4; 0.0100;0.5000;0.0000;0.0000
15.0000;8.0000;-0.0000;-0.1200;1.0000;0.2600;-0.0700;-0.0200;0.2500;0.2800;0.0000;-120.0000;0.2500;-0.2800;250.0000;-280.0000;5; 0.0000;0.0000;0.0000;0.0000
15.0000;8.0000;0.1400;-0.5100;0.0000;0.0000;-0.2100;-0.0200;0.0000;0.5100;0.0000;-3.6429;-0.5100;-0.0000;-3.6429;-0.0000;5; 0.0000;0.0000;0.0000;0.0000
15.0000;8.0000;0.0800;-0.5000;0.0000;0.0000;-0.1600;-0.0200;0.0000;0.5000;0.0000;-6.2500;-0.5000;-0.0000;-6.2500;-0.0000;5; 0.0000;0.0000;0.0000;0.0000
15.0000;8.0000;0.4200;0.0000;0.0000;0.0900;-0.5000;-0.0200;0.0000;0.0000;0.0000;0.0000;0.0000;0.0000;0.0000;0.0000;5; 0.0000;0.0000;0.0000;0.0000
15.0000;8.0000;0.2400;-0.5000;0.0000;0.0900;-0.3100;-0.0200;0.0000;0.5000;0.0000;-2.0833;-0.5000;-0.0000;-2.0833;-0.0000;5; 0.0000;0.0000;0.0000;0.0000
15.0000;8.0000;0.1400;-0.5100;0.0000;0.0900;-0.2100;-0.0200;0.0000;0.5100;0.0000;-3.6429;-0.5100;-0.0000;-3.6429;-0.0000;5; 0.0000;0.0000;0.0000;0.0000
15.0000;8.0000;0.0800;-0.5000;0.0000;0.0900;-0.1600;-0.0200;0.0000;0.5000;0.0000;-6.2500;-0.5000;-0.0000;-6.2500;-0.0000;5; 0.0000;0.0000;0.0000;0.0000
8.0000;15.0000;-0.0000;-0.0900;1.0000;-0.1100;0.0100;0.0200;-0.1500;-0.2100;0.0000;-90.0000;-0.0900;0.2400;-90.0000;240.0000;5; 0.0000;0.4900;0.0000;0.0000
8.0000;15.0000;-0.0000;-0.1300;1.0000;-0.1900;-0.1600;0.0200;-0.1400;-0.4500;0.0000;-130.0000;-0.1300;0.4500;-130.0000;450.0000;5; 0.0000;0.5000;0.0000;0.0000
8.0000;15.0000;0.0000;-0.2300;1.0000;-0.2100;0.0700;0.0200;-0.0400;-0.2300;0.0000;-230.0000;-0.2300;0.0500;-230.0000;50.0000;5; 0.0000;0.5000;0.0000;0.0000
8.0000;15.0000;-0.0100;-0.2200;1.0000;-0.2100;0.0400;0.0200;0.0200;-0.2200;0.0000;-220.0000;-0.2200;0.0100;-220.0000;10.0000;5; 0.0000;0.4900;0.0000;0.0000
8.0000;15.0000;-0.0000;-0.2100;1.0000;-0.2100;0.0200;0.0200;-0.0100;-0.2200;0.0000;-210.0000;-0.2100;0.0600;-210.0000;60.0000;5; 0.0000;0.4900;0.0000;0.0000
8.0000;15.0000;-0.0000;-0.2000;1.0000;-0.2100;0.0000;0.0200;-0.0400;-0.2300;0.0000;-200.0000;-0.2000;0.1200;-200.0000;120.0000;5; 0.0000;0.4900;0.0000;0.0000
8.0000;15.0000;-0.0000;-0.1900;1.0000;-0.2300;-0.0600;0.0200;-0.0900;-0.2800;0.0000;-190.0000;-0.1900;0.2200;-190.0000;220.0000;5; 0.0000;0.5000;0.0000;0.0000
8.0000;15.0000;-0.0000;-0.1900;1.0000;-0.2400;-0.0900;0.0200;-0.1200;-0.3300;0.0000;-190.0000;-0.1900;0.2900;-190.0000;290.0000;5; 0.0000;0.5000;0.0000;0.0000
8.0000;15.0000;0.0000;-0.2100;1.0000;-0.2000;0.0700;0.0200;-0.0400;-0.2100;0.0000;-210.0000;-0.2100;0.0500;-210.0000;50.0000;5; 0.0000;0.4900;0.0000;0.0000
8.0000;15.0000;-0.0100;-0.2100;1.0000;-0.2000;0.0400;0.0200;0.0200;-0.2100;0.0000;-210.0000;-0.2100;0.0100;-210.0000;10.0000;5; 0.0000;0.5000;0.0000;0.0000
8.0000;15.0000;-0.0000;-0.2100;1.0000;-0.2000;0.0200;0.0200;-0.0200;-0.2200;0.0000;-210.0000;-0.2100;0.0800;-210.0000;80.0000;5; 0.0000;0.5000;0.0000;0.0000
8.0000;15.0000;-0.0000;-0.2100;1.0000;-0.2000;0.0000;0.0200;-0.0500;-0.2400;0.0000;-210.0000;-0.2100;0.1300;-210.0000;130.0000;5; 0.0000;0.5000;0.0000;0.0000
8.0000;15.0000;-0.0100;-0.2000;1.0000;-0.2100;-0.0300;0.0200;-0.0700;-0.2600;0.0000;-200.0000;-0.2000;0.1800;-200.0000;180.0000;5; 0.0000;0.5000;0.0000;0.0000
8.0000;15.0000;0.0000;-0.2000;1.0000;-0.2200;-0.0500;0.0200;-0.0800;-0.2900;0.0000;-200.0000;-0.2000;0.2200;-200.0000;220.0000;5; 0.0000;0.5000;0.0000;0.0000
8.0000;15.0000;0.0000;-0.1900;1.0000;-0.2300;-0.0800;0.0200;-0.1200;-0.3300;0.0000;-190.0000;-0.1900;0.3000;-190.0000;300.0000;5; 0.0000;0.5000;0.0000;0.0000
8.0000;15.0000;-0.0000;-0.3400;1.0000;-0.2400;0.0700;0.0200;-0.0300;-0.3400;0.0000;-340.0000;-0.3400;0.0300;-340.0000;30.0000;5; 0.0000;0.5000;0.0000;0.0000
8.0000;15.0000;0.0000;-0.2400;1.0000;-0.2400;0.0500;0.0200;0.0200;-0.2400;0.0000;-240.0000;-0.2400;0.0100;-240.0000;10.0000;5; 0.0000;0.4900;0.0000;0.0000
15.0000;8.0000;0.0000;-0.2400;1.0000;0.2300;-0.0800;-0.0200;0.0100;0.2400;0.0000;-240.0000;-0.2400;0.0100;-240.0000;10.0000;5; -0.0000;0.2600;0.0000;1.0500
8.0000;15.0000;-0.0000;-0.2200;1.0000;-0.2400;0.0200;0.0200;0.0000;-0.2300;0.0000;-220.0000;-0.2200;0.0500;-220.0000;50.0000;5; 0.0000;0.4900;0.0000;0.0000
8.0000;15.0000;0.0000;-0.2200;1.0000;-0.2400;0.0000;0.0200;-0.0300;-0.2400;0.0000;-220.0000;-0.2200;0.1000;-220.0000;100.0000;5; 0.0000;0.4900;0.0000;0.0000
8.0000;15.0000;-0.0000;-0.2200;1.0000;-0.2500;-0.0300;0.0200;-0.0500;-0.2600;0.0000;-220.0000;-0.2200;0.1500;-220.0000;150.0000;5; 0.0000;0.4900;0.0000;0.0000
15.0000;8.0000;-0.0000;-0.1300;1.0000;0.2400;-0.0700;-0.0200;0.4500;0.1300;0.0000;-130.0000;-0.1300;0.4500;-130.0000;450.0000;6; 0.0000;0.0000;0.0000;-0.0000
15.0000;8.0000;0.0100;0.0000;0.0000;0.2900;0.0400;-0.0200;0.0000;0.5000;0.0000;0.0000;0.0000;0.5000;0.0000;50.0000;6; 0.0000;0.0000;0.0000;0.0000
